function P = class1(x1,x2,x3,x4,x5)  
    % 输入五个变量，进行逻辑判别是否借贷
    Y = 7.0939+1.4956e-05*x1+-5.4457*x2+5.3433e-05*x3+0.9045*x4+3.0582e-08*x5;
    P = 1/(1+exp(-Y));
end